test_000 = 1
test_001 = 1
test_002 = 1
test_003 = 2
test_004 = 2
test_005 = 2
test_006 = 4
test_007 = 8
test_008 = 4.000000
test_009 = 4.000000
test_010 = 4.000000
