a00 = 0, a01 = 1.000000, a02 = 2, a03 = 3,   a04 = 4,
a05 = 5.000000, a06 = 6,  a07 = 7,   a08 = 8,   a09 = 9.000000,
a10 = 10, a11 = 11.000000,  a12 = 12,   a13 = 13, a14 = 14.000000,
a15 = 15, a16 = 16,  a17 = 17.000000,   a18 = 18.000000,  a19 = 19
