array[0] = 0.000000
array[1] = 1.000000
array[2] = 2.000000
array[3] = 3.000000
array[4] = 4.000000
array[5] = 5.000000
array[6] = 6.000000
array[7] = 7.000000
array[8] = 8.000000
array[9] = 9.000000
array[10] = 10.000000
array[11] = 11.000000
array[12] = 12.000000
array[13] = 13.000000
array[14] = 14.000000
array[15] = 15.000000
array[16] = 16.000000
array[17] = 17.000000
array[18] = 18.000000
array[19] = 19.000000
