a = 1
b = 1
c = 2
d = "Brian Kernighan"
e = 'K'
f = -0.500000
g.b = 2.000000
h->a = 1
i = 1, a = 2
j = 1, b = 0
k = 4
l = 3, a = 3
m = -1, b = -1
*n = 3
o = 3
p = 1.000000
q = -2
r = 0
s = 1
t = 2
u = 33
v = 3
w = 2
x = 14
y = 8
z = 88
A = 1
xx = 1
yy = 1
zz = 0
uu = 0
vv = 0
ww = 1
xx = 0
yy = 1
zz = 1
uu = 0
vv = 1
ww = 0
xx = 0
yy = 0
zz = 1
uu = 1
vv = 0
ww = 1
B = 8
C = 6
D = 14
xx = 0
yy = 0
xx = 0
yy = 1
xx = 0
yy = 1
xx = 1
yy = 1
E = 3
F = 8, A = 8, B = 8
G = 64, A = 64, B = 8
I = 8, A = 8, B = 8
J = 0, A = 0, B = 8
K = 7, A = 7, B = 4
L = 3, A = 3, B = 4
M = 48, A = 48, B = 4
N = 3, A = 3, B = 4
O = 8, A = 8, B = 10
P = 2, A = 2, B = 10
P = 10, A = 10, B = 10
