s.a = 2, s.b = "foo", s.c = 1.000000
t.a = 4, t.b = "bar", t.c = 3.000000
