vo called
c = 'c'
i = 1
f = 2.500000
d = -0.500000
sh = 2
l = 3
si = 4
u = 5
ss.m = 6
tt = 7
