x = 1.200000
y = 3.400000
z = 5.599998
x = 1.200000
y = 7.799999
z = 5.599998
