x = 1.200000
y = 3.400000
z = 5.600000
x = 1.200000
y = 7.800000
z = 5.600000
