x = -3.250000
y = 0.500000
z = 1.125000
x = -3.250000
y = 255.000000
z = 1.125000
