test_000 = 1
test_001 = 2
test_002 = 4.000000
test_003 = 0
test_004 = 1.000000
