test0 called
0.000000
4.000000
8.000000
12.000000
16.000000
20.000000
24.000000
28.000000
32.000000
test1 called
n = 5
5.000000
6.000000
7.000000
8.000000
9.000000
10.000000
11.000000
12.000000
13.000000
14.000000
15.000000
16.000000
17.000000
18.000000
test2 called
abcdefghij
test3 called
5
4
3
2
1
test4 called
a[0][0] = 0.000000
a[0][1] = 1.000000
a[0][2] = 2.000000
a[0][3] = 3.000000
a[0][4] = 4.000000
a[0][5] = 5.000000
a[1][0] = 1.000000
a[1][1] = 2.000000
a[1][2] = 3.000000
a[1][3] = 4.000000
a[1][4] = 5.000000
a[1][5] = 6.000000
a[2][0] = 2.000000
a[2][1] = 3.000000
a[2][2] = 4.000000
a[2][3] = 5.000000
a[2][4] = 6.000000
a[2][5] = 7.000000
a[3][0] = 3.000000
a[3][1] = 4.000000
a[3][2] = 5.000000
a[3][3] = 6.000000
a[3][4] = 7.000000
a[3][5] = 8.000000
a[4][0] = 4.000000
a[4][1] = 5.000000
a[4][2] = 6.000000
a[4][3] = 7.000000
a[4][4] = 8.000000
a[4][5] = 9.000000
test5 called
a[0][0] = 0.000000
a[0][1] = 1.000000
a[0][2] = 2.000000
a[0][3] = 3.000000
a[1][0] = 10.000000
a[1][1] = 11.000000
a[1][2] = 12.000000
a[1][3] = 13.000000
a[2][0] = 20.000000
a[2][1] = 21.000000
a[2][2] = 22.000000
a[2][3] = 23.000000
a[3][0] = 30.000000
a[3][1] = 31.000000
a[3][2] = 32.000000
a[3][3] = 33.000000
a[4][0] = 40.000000
a[4][1] = 41.000000
a[4][2] = 42.000000
a[4][3] = 43.000000
a[5][0] = 50.000000
a[5][1] = 51.000000
a[5][2] = 52.000000
a[5][3] = 53.000000
a[6][0] = 60.000000
a[6][1] = 61.000000
a[6][2] = 62.000000
a[6][3] = 63.000000
