g called
a[0][0] = 0.000000
a[0][1] = 5.000000
a[0][2] = 10.000000
a[0][3] = 15.000000
a[0][4] = 20.000000
a[1][0] = 3.000000
a[1][1] = 8.000000
a[1][2] = 13.000000
a[1][3] = 18.000000
a[1][4] = 23.000000
a[2][0] = 6.000000
a[2][1] = 11.000000
a[2][2] = 16.000000
a[2][3] = 21.000000
a[2][4] = 26.000000
