y = 1.500000
y = 0.250000
