x.a = 1, x.b = 2.000000, x.c = 3.000000
x.a = 4, x.b = 5.000000, x.c = 6.000000
