epsilon() = 2
zeta(2.5) = 5.000000
eta(4) = 12.000000
theta(7) = fghijklmnopqrstuvwxyz
