x = -3.250000
y = 0.500000
z = 1.125000
x = -3.250000
y = 32768.500000
z = 1.125000
