a00 = 0
a01 = 1
a02 = 2.000000
a03 = '3'
a04 = 4
a05 = 5.000000
a06 = '6'
a07 = 7
*a08 = 8
a09 = 9
a10 = 10
a11 = 11
a12 = 12
a13 = 13.000000
a14 = 'x'
a15 = 15
a16 = 16
a17 = 17
a18 = 18.000000
a19 = 'y'
a20 = 20.000000
a21 = 21
a22 = 22
a23 = 23
a24 = 24
a25 = 25
a26 = 26
a27 = 27.000000
a28 = 'z'
a29 = 'A'
a30 = 30
a31 = 31
a32 = 32
a33 = 33
a34 = 34
a35 = 35
a36 = 36
a37 = 37
a38 = 38.000000
a39 = 39.000000
a40 = 40.000000
*a41 = 41
a42 = 42
a43 = 43
a44 = 'B'
a45 = 45
a46 = 46
a47 = 47
a48 = 48.000000
a49 = 49.000000
a50 = 50
a51 = 51
a52 = 52
a53 = 'C'
a54 = 54
a55 = 55.000000
a56 = 56.000000
a57 = 'D'
a58 = 58.000000
a59 = 59
a60 = 60
a61 = 'E'
a62 = 62
a63 = 63
a64 = 64.000000
a65 = 65
a66 = 66
*a67 = 67
a68 = 68
a69 = 69
a70 = 'F'
a71 = 71
a72 = 72
a73 = 73.000000
a74 = 74.000000
*a75 = 75.000000
a76 = 76
a77 = 77
a78 = 78
a79 = 79
