a00 = 0.000000, a01 = 1.000000, a02 = 2.000000, a03 = 3.000000, a04 = 4.000000,
a05 = 5.000000, a06 = 6.000000, a07 = 7.000000, a08 = 8.000000, a09 = 9.000000,
a10 = 10.000000, a11 = 11.000000, a12 = 12.000000, a13 = 13.000000, a14 = 14.000000,
a15 = 15.000000, a16 = 16.000000, a17 = 17.000000, a18 = 18.000000, a19 = 19.000000
