x = 1.200000
x = 3.400000
x = 5.600000
