test00 = 3
test01 = 3.000000
test02 = 3.000000
test10 = 0
test11 = -1
test12 = -1.000000
test20 = 6
test21 = 6
test22 = 6
test30 = 2
test31 = 2
test32 = 2
test40 = 0
test41 = 1
test42 = 0.000000
test50 = 1
test51 = 0
test52 = 1.000000
test60 = 1
test61 = 0
test62 = 0
test70 = 0
test71 = 0
test72 = 1
test80 = 1
test81 = 1
test82 = 0
test90 = 0
test91 = 1
test92 = 1
