x = 1.500000
y = -2.250000
z = 3.750000
x = 1.500000
y = -4.500000
z = 3.750000
