test00 = 'd'
test01 = 'u'
test02 = 46
test03 = 32
test04 = 15
test05 = -1
test06 = 11
test07 = 50
test08 = -1.000000
test09 = -1.000000
ok
test12 = 3
