x = -3.250000
y = 0.500000
z = 1.125000
x = 65535.500000
y = 65535.500000
z = 1.125000
