x = -3.250000
y = 0.500000
z = 1.125000
x = -3.250000
y = 2596069120.000000
z = 1.125000
